# Created by Octave 3.0.5, Sun Apr 01 22:53:02 2012 CEST <filip@filip-laptop>
# name: my_result
# type: matrix
# rows: 0
# columns: 0
